4 50 14 7
6 60 18 10
6 70 18 10
6 80 18 10
6 90 18 10
6 100 18 10
6 110 18 10
8 55 22 13
8 60 22 13
8 65 22 13
8 70 22 13
8 75 22 13
8 80 22 13
8 85 22 13
8 90 22 13
8 100 22 13
8 120 22 13
8 130 28 13
8 140 28 13
8 150 28 13
8 160 28 13
10 55 26 17
10 60 26 17
10 70 26 17
10 75 26 17
10 80 26 17
10 90 26 17
10 100 26 17
10 110 26 17
10 120 26 17
10 130 32 17
10 140 32 17
12 60 30 19
12 65 30 19
12 70 30 19
12 75 30 19
12 80 30 19
12 90 30 19
12 100 30 19
12 120 30 19
12 130 36 19
12 160 36 19
12 180 36 19
16 70 38 24
16 90 38 24
16 100 38 24