6 25 18 10
6 30 18 10
6 40 18 10
6 45 18 10
6 50 18 10
8 30 22 13
8 40 22 13
8 45 22 13
8 50 22 13
8 55 22 13
8 60 22 13
8 70 22 13
8 75 22 13
8 80 22 13
8 85 22 13
8 90 22 13
8 100 22 13
8 110 22 13
8 120 22 13
8 130 22 13
8 140 22 13
8 150 22 13
8 160 22 13
8 180 22 13
10 35 26 17
10 40 26 17
10 45 26 17
10 50 26 17
10 60 26 17
10 65 26 17
10 70 26 17
10 75 26 17
10 80 26 17
10 85 26 17
10 90 26 17
10 95 26 17
10 100 26 17
10 105 26 17
10 110 26 17
10 115 26 17
10 120 26 17
10 125 26 17
10 130 26 17
10 135 26 17
10 140 26 17
10 145 26 17
10 150 26 17
10 160 26 17
10 165 26 17
10 170 26 17
10 175 26 17
10 180 26 17
10 185 26 17
10 190 26 17
10 195 26 17
10 200 26 17
10 205 26 17
10 210 26 17
10 215 26 17
10 220 26 17
10 230 26 17
10 240 26 17
12 40 30 19
12 45 30 19
12 50 30 19
12 55 30 19
12 60 30 19
12 65 30 19
12 70 30 19
12 75 30 19
12 80 30 19
12 85 30 19
12 90 30 19
12 95 30 19
12 100 30 19
12 105 30 19
12 110 30 19
12 115 30 19
12 120 30 19
12 135 30 19
12 140 30 19
12 150 30 19
12 160 30 19
12 180 30 19
12 200 30 19
12 210 30 19
12 220 30 19
12 240 30 19
14 45 29 22
14 50 34 22
14 60 34 22
14 65 34 22
14 70 34 22
14 75 34 22
14 80 34 22
14 85 34 22
14 90 34 22
14 95 34 22
14 100 34 22
14 105 34 22
14 110 34 22
14 130 38 22
14 140 38 22
14 150 38 22
14 160 38 22
14 170 38 22
14 180 38 22
14 200 38 22
16 50 38 24
16 55 38 24
16 60 38 24
16 65 38 24
16 70 38 24
16 75 38 24
16 80 38 24
16 85 38 24
16 95 38 24
16 100 38 24
16 105 38 24
16 110 38 24
16 120 38 24
16 145 38 24
16 150 38 24
16 155 38 24
16 160 38 24
16 170 38 24
16 180 38 24
16 190 38 24
16 200 38 24
16 220 38 24
16 230 38 24
16 240 38 24
16 260 38 24
16 280 38 24
16 300 38 24
20 70 46 30
20 80 46 30
20 90 46 30
20 100 46 30
20 110 46 30
20 120 46 30
24 80 54 36
24 90 54 36
24 100 54 36
24 120 54 36